Enumeration of Tangles of size <= 10
===================================
computation took 2486034.845151186 seconds

fixed:
    1   2   3   4   5    6     7     8      9       10      11
0    1   0   0   0   0    0     0     0      0       0       0
1    0   2   0   0   0    0     0     0      0       0       0
2    0   0   6   0   0    0     0     0      0       0       0
3    0   0   0  22   0    0     0     0      0       0       0
4    0   0   1   0  87    0     0     0      0       0       0
5    0   0   0   8   0  364     0     0      0       0       0
6    0   0   0   0  52    0  1574     0      0       0       0
7    0   0   0   2   0  304     0  6986      0       0       0
8    0   0   0   0  22    0  1706     0  31581       0       0
9    0   0   0   0   0  182     0  9312      0  144880       0
10   0   0   0   0   6    0  1288     0  50056       0  672390

one-sided:
    1   2   3   4   5   6    7     8      9      10      11
0    1   0   0   0   0   0    0     0      0      0       0
1    0   1   0   0   0   0    0     0      0      0       0
2    0   0   2   0   0   0    0     0      0      0       0
3    0   0   0   7   0   0    0     0      0      0       0
4    0   0   1   0  24   0    0     0      0      0       0
5    0   0   0   2   0  97    0     0      0      0       0
6    0   0   0   0  14   0  401     0      0      0       0
7    0   0   0   1   0  76    0  1772      0      0       0
8    0   0   0   0   6   0  432     0   7930      0       0
9    0   0   0   0   0  49    0  2328      0  36335       0
10   0   0   0   0   2   0  326     0  12534      0  168249

free:
    1   2   3   4   5   6    7     8     9      10     11
0    1   0   0   0   0   0    0     0     0      0      0
1    0   1   0   0   0   0    0     0     0      0      0
2    0   0   2   0   0   0    0     0     0      0      0
3    0   0   0   5   0   0    0     0     0      0      0
4    0   0   1   0  15   0    0     0     0      0      0
5    0   0   0   1   0  54    0     0     0      0      0
6    0   0   0   0   9   0  212     0     0      0      0
7    0   0   0   1   0  38    0   908     0      0      0
8    0   0   0   0   4   0  224     0  4011      0      0
9    0   0   0   0   0  28    0  1164     0  18260      0
10   0   0   0   0   2   0  170     0  6299      0  84320

